image: /home/david/catkin_ws/maps/home20200118.pgm
resolution: 0.025000
origin: [-10.000000, -10.000000, 0.000000]
negate: 0
occupied_thresh: 0.65
free_thresh: 0.196

