image: /home/david/catkin_ws/maps/iroda20200116.pgm
resolution: 0.025000
origin: [-22.000000, -26.000000, 0.000000]
negate: 0
occupied_thresh: 0.65
free_thresh: 0.196

