image: /home/david/catkin_ws/maps/office20200123.pgm
resolution: 0.025000
origin: [-10.000000, -21.200000, 0.000000]
negate: 0
occupied_thresh: 0.65
free_thresh: 0.196

